Station_ID	Station	Year	SeqID	SeqComb	Extracted_by	Optional_label	Campaign	Event_label	Latitude	Longitude	Elevation_of_event	Date_Time_of_event	Month	DEPTH_sediment	Porosity	Chlorophyll_a	Phaeopigments	CPE	X._Chl_a	Esterase_activity	Phospholipids	Protein	Carbon_organic_particulate	Prokaryotes_abundance	Cell_biovolume	Biomass_as_carbon
HGII_2003	HGII	2003	1	comb	Wiebke	1	ARK-XIX/3	PS64/408-1	79.130	4.901	-1552	2003-07-21T00:00:00	7	0.005	71.7	3.807	16.653	20.460	18.606	2.07	14.16	0.490	1.287	1.4061	0.1695	45.8436
HGIX_2003	HGIX	2003	2	comb	Wiebke	9	ARK-XIX/3	PS64/471-1	79.133	2.846	-5574	2003-08-03T00:00:00	8	0.005	68.2	1.899378258	18.11658232	20.01596058	9.489318539	2.153962934	7.87	0.464	1.572	1.254685	0.348876021	62.63668797
N2_2003	N2	2003	3	comb	Wiebke	12	ARK-XIX/3	PS64/480-1	79.41	4.695	-2546	2003-08-04T00:00:00	8	0.005	66.6	2.985102547	15.27551993	18.26062248	16.34721133	5.29	21.93	0.444	1.017	1.0676275	0.141149731	31.24993395
N1_2003	N1	2003	4	comb	Wiebke	11	ARK-XIX/3	PS64/477-1	79.283	4.334	-2401	2003-08-03T00:00:00	8	0.005	50.4	2.039302894	14.470105	16.50940789	12.35236846	2.722010702	8.01	0.396	0.6354	1.168155	0.161699974	37.04737677
S3_2003	S3	2003	5	comb	Wiebke	23	ARK-XIX/3	PS64/453-1	78.608	5.072	-2343	2003-07-30T00:00:00	7	0.005	65.9	1.480294606	12.44311519	13.92340979	10.63169603	7.01	9.24	0.401	0.9261	1.82731	0.250505853	75.02964597
HGI_2004	HGI	2004	6	single	Wiebke	1	ARK-XX/1	PS66/104-1	79.133	6.091	-1281	2004-07-07T19:06:00	7	0.005	71.5	3.231441945	14.3367944	17.56823634	18.39366162	7.79	15.22	0.642	1.066	0.188266375	0.203578617	6.839791343
HGII_2004	HGII	2004	7	comb	Wiebke	2	ARK-XX/1	PS66/101-2	79.129	4.901	-1554	2004-07-07T11:54:00	7	0.005	68.2	2.895923673	11.24196885	14.13789252	20.48341837	4.42	5.21	0.645	0.9731	0.151173	0.267043272	6.445780596
HGIII_2004	HGIII	2004	8	comb	Wiebke	3	ARK-XX/1	PS66/100-2	79.067	4.838	-2051	2004-07-07T08:44:00	7	0.005	50.3	1.735002516	6.725492255	8.460494771	20.50710465	6.59	7.3	0.21	0.8588	0.220460625	0.191415347	7.723522894
HGIV_2004	HGIV	2004	9	comb	Wiebke	4	ARK-XX/1	PS66/117-1	79.083	4.083	-2508	2004-07-09T10:14:00	7	0.005	60.3	1.591757271	7.465234633	9.056991903	17.57490001	3.28	5.13	0.519	0.734	0.201564	0.174514669	6.686701416
HGV_2004	HGV	2004	10	comb	Wiebke	5	ARK-XX/1	PS66/114-2	79.063	3.654	-3136	2004-07-09T03:57:00	7	0.005	60.3	2.088089602	9.04168633	11.12977593	18.76129057	5.04	7.67	0.564	0.9619	0.11897875	0.251115122	4.892293594
HGVI_2004	HGVI	2004	11	single	Wiebke	6	ARK-XX/1	PS66/121-2	79.059	3.577	-3561	2004-07-10T07:46:00	7	0.005	52.9	1.442409835	5.34347274	6.785882575	21.25603883	2.1	7.26	0.363	0.8365	0.135075875	0.129321837	3.754761081
HGVII_2004	HGVII	2004	12	comb	Wiebke	7	ARK-XX/1	PS66/122-2	79.059	3.476	-4090	2004-07-10T12:41:00	7	0.005	42.2	0.379178348	2.548380386	2.927558735	12.95203214	0.85	2.88	0.55	0.7459	0.109880375	0.181334128	3.728560416
HGIX_2004	HGIX	2004	13	comb	Wiebke	9	ARK-XX/1	PS66/124-2	79.134	2.844	-5571	2004-07-11T02:21:00	7	0.005	61.1	1.977343339	9.864141507	11.84148485	16.69844082	1.71	9.18	0.49	1.479	0.179867875	0.129295708	4.999267169
N3_2004	N3	2004	14	comb	Wiebke	13	ARK-XX/1	PS66/127-2	79.599	5.158	-2791	2004-07-11T18:03:00	7	0.005	59.1	2.845871692	9.308825148	12.15469684	23.41376119	3.98	15.34	0.55	0.97	0.311444375	0.158573337	9.764149207
N2_2004	N2	2004	15	comb	Wiebke	12	ARK-XX/1	PS66/126-2	79.41	4.698	-2544	2004-07-11T13:13:00	7	0.005	65.5	1.993227623	8.580787472	10.5740151	18.85024378	3.03	10.07	0.393	1.152	0.356236375	0.162207829	11.31875736
N1_2004	N1	2004	16	single	Wiebke	11	ARK-XX/1	PS66/125-2	79.283	4.333	-2402	2004-07-11T08:44:00	7	0.005	56.6	1.775737127	8.618659824	10.39439695	17.08359932	4.87	6.26	0.464	0.7926	0.307245125	0.214267816	11.50449915
S3_2004	S3	2004	17	comb	Wiebke	23	ARK-XX/1	PS66/108-1	78.625	5.053	-2349	2004-07-08T08:30:00	7	0.005	60.1	1.527710479	8.26948255	9.797193029	15.59334877	10.58	11.84	0.247	0.8351	0.1203785	0.096956419	2.823236243
HGII_2005	HGII	2005	18	single	Wiebke	2	ARK-XXI/1b	PS68/276-3	79.13	4.902	-1549	2005-08-25T23:09:00	8	0.005	67.2	2.010527848	10.76992344	12.78045129	15.73127429	11.27	14.843	0.625	1.257	0.4675165	0.185339924	16.07003271
HGIII_2005	HGIII	2005	19	single	Wiebke	3	ARK-XXI/1b	PS68/271-2	79.108	4.6	-1914	2005-08-24T13:03:00	8	0.005	59	2.246445442	8.37263539	10.61908083	21.15480123	5.06	12.881	0.596	0.8904	0.30094625	0.141857191	8.834853552
HGV_2005	HGV	2005	20	comb	Wiebke	5	ARK-XXI/1b	PS68/261-1	79.063	3.658	-3127	2005-08-23T03:33:00	8	0.005	57.9	1.153982516	7.325392121	8.479374637	13.60928801	3.31	13.657	0.342	0.9922	0.65368325	0.139383124	18.991947
HGVI_2005	HGVI	2005	21	comb	Wiebke	6	ARK-XXI/1b	PS68/252-2	79.06	3.582	-3485	2005-08-22T00:36:00	8	0.005	43.1	1.23670343	4.940715573	6.177419003	20.01974334	1.77	8.64	0.358	0.6524	0.46891625	0.157202102	14.62594134
HGVII_2005	HGVII	2005	22	comb	Wiebke	7	ARK-XXI/1b	PS68/267-2	79.06	3.476	-4008	2005-08-24T00:24:00	8	0.005	50.4	1.543266126	7.134822715	8.678088841	17.78347923	2.38	7.484	0.539	0.7613	0.578796625	0.208255546	21.31160157
HGII_2006	HGII	2006	23	comb	Wiebke	2	MSM02-IV	MSM02/774-2	79.13	4.904	-1519	2006-08-23T05:47:00	8	0.005	56.62893072	1.70462255	9.939961955	11.6445845	14.63875803	3.845731492	15.29211242	0.552087481	1.236	NA	NA	NA
HGIII_2006	HGIII	2006	24	comb	Wiebke	3	MSM02-IV	MSM02/779-2	79.108	4.599	-1879	2006-08-24T02:25:00	8	0.005	55.99739262	1.205025007	7.530428113	8.73545312	13.79464797	2.960232877	8.1331381	0.732598567	1.058	0.430105	0.165762874	13.84172123
HGV_2006	HGV	2006	25	comb	Wiebke	5	MSM02-IV	MSM02/811-1	79.064	3.658	-3110	2006-08-28T22:55:00	8	0.005	56.87783395	0.65863368	5.249842217	5.908475897	11.14726862	2.565043913	9.709046084	0.47309345	1.06	0.271806	0.170672565	8.899257025
HGVII_2006	HGVII	2006	26	comb	Wiebke	7	MSM02-IV	MSM02/877-1	79.065	3.493	-3923	2006-09-06T21:31:00	9	0.005	41.35819961	0.499365087	4.553457312	5.052822399	9.882894098	0.211536472	8.61970007	0.46143495	0.8763	0.12725	0.157856348	3.978785446
N3_2006	N3	2006	27	comb	Wiebke	13	MSM02-IV	MSM02/864-1	79.604	5.272	-2650	2006-09-04T17:30:00	9	0.005	48.52184789	0.82518111	4.676299041	5.501480152	14.99925634	3.925663987	20.64648199	0.484602084	0.8274	NA	NA	NA
N2_2006	N2	2006	28	comb	Wiebke	12	MSM02-IV	MSM02/869-2	79.41	4.714	-2502	2006-09-05T14:37:00	9	0.005	61.72461485	0.560983331	5.011017553	5.572000884	10.06789738	6.050218381	10.47010443	0.379552527	1.152	NA	NA	NA
N1_2006	N1	2006	29	comb	Wiebke	11	MSM02-IV	MSM02/868-1	79.283	4.326	-2348	2006-09-05T08:48:00	9	0.005	46.12083185	0.816893389	6.69280432	7.509697709	10.8778465	2.705022599	4.301380183	0.507697525	0.7522	NA	NA	NA
S3_2006	S3	2006	30	comb	Wiebke	23	MSM02-IV	MSM02/803-2	78.607	5.069	-2293	2006-08-27T21:54:00	8	0.005	53.18673963	0.709633268	4.452850695	5.162483962	13.74596556	4.79366372	19.00242406	0.346625395	0.9164	NA	NA	NA
HGII_2007	HGII	2007	31	comb	Wiebke	2	ARK-XXII/1c	PS70/159-1	79.13	4.894	-1565	2007-07-11T21:19:00	7	0.005	66.03168684	5.000277774	39.30236674	44.30264452	11.28663498	6.235884944	10.03800912	0.48937926	NA	0.52936	0.088303535	11.74887585
HGIII_2007	HG_III	2007	32	comb	Wiebke	3	ARK-XXII/1c	PS70/151-1	79.102	4.580	-2037	2007-07-11T02:35	7	0.005	59.9	3.843	23.263	27.106	14.179	4.30	16.123	0.398	NA	0.4021	0.1194	10.6657
HGV_2007	HGV	2007	33	comb	Wiebke	5	ARK-XXII/1c	PS70/183-1	79.065	3.698	-2990	2007-07-15T21:28:00	7	0.005	50.91529271	3.522075449	26.29067357	29.81274901	11.81399088	1.36730364	12.06984118	0.369683606	0.9006	0.1794225	0.122130333	4.821930115
HGVI_2007	HGVI	2007	34	comb	Wiebke	6	ARK-XXII/1c	PS70/184-1	79.06	3.58	-3548	2007-07-15T23:36:00	7	0.005	51.89977836	3.443942773	24.09417378	27.53811655	12.50609411	1.31223871	7.971288799	0.526014754	0.8747	0.2175975	0.166518207	7.021573383
HGVII_2007	HGVII	2007	35	comb	Wiebke	7	ARK-XXII/1c	PS70/211-1	79.06	3.475	-4065	2007-07-19T18:29:00	7	0.005	44.4957426	2.356059115	14.21485713	16.57091624	14.21803767	0.838073897	4.85507004	0.58448188	0.6711	0.4517375	0.120534953	12.04650139
N4_2007	N4	2007	36	comb	Wiebke	14	ARK-XXII/1c	PS70/200-1	79.737	4.428	-2644	2007-07-17T10:21:00	7	0.005	43.80192443	3.186208175	19.47383041	22.66003858	14.0609124	1.909004444	8.413656204	1.240088025	0.6556	0.262135	0.192470249	9.213351902
N1_2007	N1	2007	37	comb	Wiebke	11	ARK-XXII/1c	PS70/193-1	79.283	4.328	-2406	2007-07-16T15:30:00	7	0.005	54.13224077	3.460625473	27.41601609	30.87664156	11.20790766	2.530790532	15.134758	0.345532967	0.6893	0.3321225	0.111047243	8.438514638
S3_2007	S3	2007	38	comb	Wiebke	23	ARK-XXII/1c	PS70/174-1	78.609	5.064	-2354	2007-07-13T23:16:00	7	0.005	59.71957518	3.793942112	18.79304421	22.58698632	16.79702665	3.758237575	10.12204939	0.224768321	0.9705	0.43774	0.127041379	12.04098515
HGII_2008	HGII	2008	39	single	Wiebke	2	ARK-XXIII/2	PS72/136-2	79.13	4.899	-1554	2008-07-11T20:39:00	7	0.005	63.75683349	3.752049194	31.87254784	35.62459703	10.53218704	4.696949202	15.99132295	0.66824827	1.225	0.5738975	0.187190311	19.8426484
HGIII_2008	HGIII	2008	40	comb	Wiebke	3	ARK-XXIII/2	PS72/131-2	79.108	4.604	-1924	2008-07-11T03:10:00	7	0.005	56.42598388	3.095807903	41.70655934	44.80236724	6.909920377	3.223304441	21.20134633	1.169506285	0.979	0.1527	0.170154381	4.99062118
HGIV_2008	HGIV	2008	41	comb	Wiebke	4	ARK-XXIII/2	PS72/122-2	79.065	4.184	-2462	2008-07-09T01:23:00	7	0.005	58.0198655	1.159441888	20.59868387	21.75812576	5.328776477	2.976354467	18.03781616	0.437746931	0.6778	0.2455925	0.166558981	7.926078524
HGV_2008	HGV	2008	42	single	Wiebke	5	ARK-XXIII/2	PS72/141-3	79.053	3.743	-2822	2008-07-13T05:34:00	7	0.005	58.52347875	1.664011483	18.09239541	19.75640689	8.422642296	1.522638839	27.06480377	1.016343843	1.094	0.2863125	0.212558334	10.67015011
HGVI_2008	HGVI	2008	43	single	Wiebke	6	ARK-XXIII/2	PS72/142-2	79.046	3.599	-3440	2008-07-13T10:46:00	7	0.005	56.86821781	1.726512064	16.67062325	18.39713531	9.384678837	1.56523756	8.595331146	0.570769978	1.124	0.1717875	0.11625752	4.484438786
HGVII_2008	HGVII	2008	44	comb	Wiebke	7	ARK-XXIII/2	PS72/160-2	79.058	3.476	-4023	2008-07-17T09:58:00	7	0.005	35.13027687	0.697669746	8.955739002	9.653408748	7.227185381	0.544156984	16.59650481	0.300883017	0.5464	0.0648975	0.139682417	1.887903163
N4_2008	N4	2008	45	comb	Wiebke	14	ARK-XXIII/2	PS72/145-3	79.736	4.489	-2670	2008-07-14T13:04:00	7	0.005	44.1714211	1.858984551	19.25205229	21.11103684	8.805747271	2.112651556	14.88441606	1.082624998	0.7163	0.013270357	0.132223283	0.373742436
N3_2008	N3	2008	46	comb	Wiebke	13	ARK-XXIII/2	PS72/146-1	79.594	5.208	-2768	2008-07-14T19:43:00	7	0.005	53.10625743	2.073830865	22.75041758	24.82424844	8.354052972	2.508197322	22.03884953	0.706076903	1.572	0.30031	0.137039684	8.63827962
N2_2008	N2	2008	47	single	Wiebke	12	ARK-XXIII/2	PS72/147-3	79.425	4.759	-2587	2008-07-15T05:12:00	7	0.005	64.45224398	3.362637599	22.34988873	25.71252633	13.07781879	2.622116346	25.19707979	0.453404	1.006	0.134885	0.119415733	3.57724009
S3_2008	S3	2008	48	single	Wiebke	23	ARK-XXIII/2	PS72/129-3	78.607	5.063	-2342	2008-07-10T13:39:00	7	0.005	59.40994289	1.075069756	19.4185785	20.49364826	5.245868098	4.638589753	17.97396813	1.087337139	0.9546	0.307945	0.164861589	9.878517403
HGI_2009	HGI	2009	49	single	Wiebke	1	ARK-XXIV/2	PS74/109-2	79.134	6.096	-1284	2009-07-13T03:10:00	7	0.005	72.25279055	7.032072864	37.22999199	44.26206485	15.88735837	6.264805005	13.09964667	1.347449108	1.628333333	0.772195417	0.168996023	25.04295122
HGII_2009	HGII	2009	50	comb	Erika	2	ARK-XXIV/2	PS74/108-2	79.13	4.902	-1547	2009-07-12T23:38:00	7	0.005	62.59650106	5.167705256	29.66927739	34.83698265	14.8339634	6.63936007	6.086383845	1.0321606	1.342	0.479944583	0.176143367	15.97541283
HGIII_2009	HGIII	2009	51	single	Erika	3	ARK-XXIV/2	PS74/107-2	79.108	4.599	-1895	2009-07-12T20:36:00	7	0.005	55.02163315	4.152890785	30.31090695	34.46379773	12.05000916	3.635302552	12.82331353	0.702949507	1.007966667	0.413138333	0.230926307	16.33851476
HGIV_2009	HGIV	2009	52	single	Erika	4	ARK-XXIV/2	PS74/121-1	79.064	4.182	-2464	2009-07-16T14:10:00	7	0.005	55.22098102	3.217887797	15.85697523	19.07486303	16.86978193	3.606464864	8.891341761	0.736710859	0.847166667	0.537843333	0.149801862	16.05683609
HGV_2009	HGV	2009	53	comb	Erika	5	ARK-XXIV/2	PS74/113-2	79.063	3.659	-3105	2009-07-14T10:40:00	7	0.005	58.24551032	4.110938729	24.82869232	28.93963105	14.20522163	2.046213718	17.11425775	0.758019042	1.030266667	0.289281667	0.139662857	8.43526466
HGVI_2009	HGVI	2009	54	single	Erika	6	ARK-XXIV/2	PS74/106-3	79.057	3.571	-3535	2009-07-12T15:23:00	7	0.005	54.12442577	7.773570326	12.98049849	20.75406882	37.45564493	1.106745834	15.99027471	0.443887638	1.194333333	0.208477917	0.169978234	6.812963791
N4_2009	N4	2009	55	comb	Erika	14	ARK-XXIV/2	PS74/116-2	79.717	4.486	-2802	2009-07-15T06:46:00	7	0.005	57.3234044	3.759572696	21.82695382	25.58652652	14.69356418	2.541391915	10.68976717	0.749789652	0.9428	0.392778333	0.16884947	12.80800416
N3_2009	N3	2009	56	comb	Erika	13	ARK-XXIV/2	PS74/118-2	79.604	5.167	-2786	2009-07-16T02:10:00	7	0.005	54.19506049	2.509379772	28.04552312	30.55490289	8.21269104	2.969006267	9.114388336	2.95304593	1.053933333	0.3372125	0.179756506	11.37428076
N2_2009	N2	2009	57	comb	Erika	12	ARK-XXIV/2	PS74/119-2	79.41	4.69	-2545	2009-07-16T07:09:00	7	0.005	66.33909841	3.648333954	22.06410734	25.7124413	14.18898311	2.427085244	14.56938671	1.01770177	1.166	0.201479167	0.142887532	5.871945672
N1_2009	N1	2009	58	comb	Erika	11	ARK-XXIV/2	PS74/120-2	79.283	4.329	-2401	2009-07-16T11:14:00	7	0.005	52.83879834	2.349898309	16.53310849	18.88300679	12.44451339	2.18770824	10.78376161	1.121953799	0.7446	0.185360833	0.139667677	5.369671779
S3_2009	S3	2009	59	single	Erika	23	ARK-XXIV/2	PS74/129-3	78.608	5.073	-2339	2009-07-18T07:42:00	7	0.005	59.79976703	2.629991496	26.931964	29.5619555	8.896541017	5.269323891	11.46809177	1.204436204	0.811175	0.2583175	0.157108329	8.159055495
HGII_2010	HGII	2010	60	single	Erika	2	ARK-XXV/2	PS76/131-1	79.131	4.902	-1548	2010-07-06T1:08:00	7	0.005	66.78421142	7.289311903	20.77644683	28.06575873	25.97226027	6.170463552	8.854657967	1.093859479	1.0925	0.4746425	0.153974683	14.62446002
HGIII_2010	HGIII	2010	61	single	Erika	3	ARK-XXV/2	PS76/141-1	79.109	4.606	-1906.8	2010-07-07T22:07:00	7	0.005	60.2752396	5.174379723	18.57772445	23.75210417	21.78493192	3.358586974	8.781770164	1.372007237	0.818666667	0.31558	0.136363081	9.051044625
HGIV_2010	HGIV	2010	62	comb	Erika	4	ARK-XXV/2	PS76/142-3	79.065	4.173	-2471.4	2010-07-08T00:56:00	7	0.005	56.24969853	2.783598058	11.81103768	14.59463574	19.07274773	2.706515974	10.33832815	0.916296519	0.753733333	0.49054875	0.113412012	12.37049408
HGV_2010	HGV	2010	63	single	Erika	5	ARK-XXV/2	PS76/174-3	79.053	3.745	-2860	2010-07-12T18:46:00	7	0.005	58.84903633	3.401262329	14.43873909	17.84000142	19.06537028	1.299899033	8.584383462	0.749202589	0.8973	0.3423025	0.123246068	9.248776902
HGVI_2010	HGVI	2010	64	single	Erika	6	ARK-XXV/2	PS76/175-3	79.047	3.601	-3442	2010-07-13T01:12:00	7	0.005	58.96018585	4.357824215	16.19302749	20.5508517	21.2050784	1.250308031	16.09483348	0.969668044	1.004633333	0.404655	0.1244371	10.99571464
N5_2010	N5	2010	65	comb	Erika	15	ARK-XXV/2	PS76/182-2	79.939	3.101	-2587	2010-07-15T10:46:00	7	0.005	63.74375094	5.351271526	16.28219444	21.63346597	24.73608036	3.198322701	7.994288277	0.988655991	0.9414	0.3423025	0.151576882	10.44964752
N4_2010	N4	2010	66	single	Erika	14	ARK-XXV/2	PS76/180-4	79.734	4.486	-2722	2010-07-14T21:40:00	7	0.005	66.29687923	4.873310166	16.94897202	21.82228218	22.33180803	2.717665745	9.697404968	0.978905424	1.0171	0.2964925	0.118043457	7.809739765
N3_2010	N3	2010	67	comb	Erika	13	ARK-XXV/2	PS76/181-2	79.595	5.221	-2768	2010-07-15T03:01:00	7	0.005	59.62239018	4.846462071	15.1971495	20.04361158	24.17958487	2.214794731	17.72584759	0.880886564	0.881233333	0.46319	0.140254525	13.50697992
N1_2010	N1	2010	68	comb	Erika	11	ARK-XXV/2	PS76/187-1	79.28	4.33	-2393.8	2010-07-16T05:32:00	7	0.005	49.74953859	5.671754055	14.86548845	20.53724251	27.61692108	1.703194261	12.87727719	0.917322894	0.595	0.4262875	0.139509643	12.39188032
S3_2010	S3	2010	69	comb	Wiebke	23	ARK-XXV/2	PS76/124-4	78.606	5.066	-2341.2	2010-07-04T23:38:00	7	0.005	56.12164581	4.144399323	10.60096957	14.7453689	28.10644719	3.661924891	7.109926438	0.783688805	0.882266667	0.399565	0.131701836	11.22702624
HGII_2011	HGII	2011	70	comb	Erika	2	ARK-XXVI/2	PS78/142-5	79.13033	4.903	-1545	2011-07-16T04:27:00	7	0.005	64.7847781	2.853882047	24.86798995	27.72187199	10.29469456	4.153739634	13.67530451	1.357569112	0.843632246	0.31876125	0.133854544	9.042680388
HGIII_2011	HGIII	2011	71	comb	Erika	3	ARK-XXVI/2	PS78/154-5	79.11283	4.60567	-1809	2011-07-20T19:59:00	7	0.005	64.50153364	2.186793982	22.97637671	25.1631707	8.690454826	2.647128437	33.31304726	3.408502027	1.03208788	0.2914025	0.245965511	11.83660565
HGV_2011	HGV	2011	72	comb	Erika	5	ARK-XXVI/2	PS78/172-1	79.0525	3.732	-2865	2011-07-27T18:01:00	7	0.005	54.98481552	2.362443065	17.20734322	19.56978629	12.07188996	1.236337707	23.3633302	2.2080674	0.824904092	0.211235	0.118548208	5.578045393
HGVI_2011	HGVI	2011	73	comb	Erika	6	ARK-XXVI/2	PS78/158-5	79.04383	3.6225	-3270	2011-07-21T08:18:00	7	0.005	62.66707036	2.18782881	18.01171132	20.19954013	10.83108227	1.177036951	24.22576593	3.331756695	1.07121237	0.2583175	0.146018118	7.713863127
HGVII_2011	HGVII	2011	74	comb	Erika	7	ARK-XXVI/2	PS78/159-4	79.05833	3.48117	-3988	2011-07-21T16:36:00	7	0.005	40.74446632	1.506122524	14.32508408	15.83120661	9.513630649	0.845807706	10.17877475	2.524111661	0.723382131	0.2545	0.181605167	8.643537961
N5_2011	N5	2011	75	single	Erika	15	ARK-XXVI/2	PS78/168-5	79.938	3.1945	-2550	2011-07-26T06:17:00	7	0.005	63.74375094	1.841065043	16.47457508	18.31564012	10.05187387	3.315462638	25.14041994	2.109572823	0.94233922	0.2430475	0.165970734	7.827586403
N4_2011	N4	2011	76	single	Erika	14	ARK-XXVI/2	PS78/167-5	79.72767	4.44367	-2695	2011-07-25T21:42:00	7	0.005	66.29687923	1.988616281	19.79576858	21.78438486	9.12863179	3.450204958	16.45670286	2.106920219	0.657482684	0.343575	0.141432632	10.06848094
N3_2011	N3	2011	77	single	Erika	13	ARK-XXVI/2	PS78/171-6	79.59517	5.221	-2753	2011-07-27T11:11:00	7	0.005	60.99953907	1.675882561	17.07591832	18.75180088	8.937181936	3.609698411	16.55554191	2.46422286	0.827231187	0.30031	0.129083171	8.338750717
N2_2011	N2	2011	78	single	Erika	12	ARK-XXVI/2	PS78/166-5	79.427	4.7435	-2601	2011-07-25T09:01:00	7	0.005	63.58388076	1.704485395	18.48747697	20.19196236	8.44140537	2.891305415	15.09481828	2.71257483	0.781447676	0.3448475	0.118290057	9.094622211
N1_2011	N1	2011	79	single	Erika	11	ARK-XXVI/2	PS78/165-4	79.28	4.32483	-2395	2011-07-25T01:03:00	7	0.005	54.75319788	1.392522192	16.64365082	18.03617301	7.72071875	2.407862817	10.56076455	2.74937305	0.599572953	0.3830225	0.13581121	10.95908816
S3_2011	S3	2011	80	single	Erika	23	ARK-XXVI/2	PS78/182-3	78.60633	5.06533	-2340	2011-07-30T08:37:00	7	0.005	61.00216926	1.984693523	15.0038191	16.98851262	11.68256202	3.838116331	13.98715568	2.870120869	0.841176445	0.1819675	0.088580464	4.046144026
HGII_2012	HGII	2012	81	single	Erika	2	ARK-XXVII/2	PS80/167-3	79.13	4.89983	-1552	2012-07-17T05:10:00	7	0.005	64.55301253	2.221721355	22.67172987	24.89345123	8.924923003	2.53223851	11.89143556	1.336748113	0.887568822	0.6095275	0.180495878	20.62657513
HGIII_2012	HGIII	2012	82	single	Erika	3	ARK-XXVII/2	PS80/166-2	79.108	4.602	-1906	2012-07-17T01:17:00	7	0.005	58.74495848	2.583463085	17.87020552	20.45366861	12.63080543	2.198296798	5.578232143	1.347874116	0.673907586	0.506455	0.271249105	21.79446875
HGIV_2012	HGIV	2012	83	single	Erika	4	ARK-XXVII/2	PS80/165-8	79.06433	4.18083	-2466	2012-07-16T19:37:00	7	0.005	55.66457989	1.59921959	17.34129045	18.94051004	8.443381865	1.170179992	8.946378303	0.993981639	0.607082759	0.2277775	0.189223971	7.925832147
HGV_2012	HGV	2012	84	single	Erika	5	ARK-XXVII/2	PS80/180-2	79.06317	3.6565	-3114	2012-07-21T23:08:00	7	0.005	60.61552288	2.463566757	18.17174167	20.63530842	11.93859915	1.097559674	13.42489154	0.493861694	0.628227669	0.2978	0.131721006	8.367355868
HGVI_2012	HGVI	2012	85	comb	Erika	6	ARK-XXVII/2	PS80/181-2	79.06033	3.58083	-3456	2012-07-22T03:27:00	7	0.005	52.60059104	1.372317029	20.08430188	21.45661891	6.395774816	0.605257661	8.916702146	1.299090873	0.76962383	0.29013	0.203573593	10.54038338
HGVII_2012	HGVII	2012	86	comb	Erika	7	ARK-XXVII/2	PS80/182-2	79.06	3.47433	-4042	2012-07-22T08:25:00	7	0.005	51.48866142	1.724686842	17.69736831	19.42205515	8.880042961	0.557564209	7.485671664	0.91545162	0.899039162	0.257045	0.161085768	8.133753571
N5_2012	N5	2012	87	single	Erika	15	ARK-XXVII/2	PS80/186-3	79.94033	3.17983	-2510	2012-07-24T04:25:00	7	0.005	65.18025739	1.941744194	21.0489401	22.99068429	8.445786863	1.477193932	15.43949094	0.73953851	0.760217062	0.4059275	0.147537427	12.19604154
N4_2012	N4	2012	88	comb	Erika	14	ARK-XXVII/2	PS80/185-5	79.7395	4.5055	-2667	2012-07-23T18:58:00	7	0.005	57.03081071	2.418266944	18.2038262	20.62209314	11.72658336	1.904547337	8.462799963	0.42527172	0.701427422	0.1819675	0.135174633	5.192064935
N3_2012	N3	2012	89	single	Erika	13	ARK-XXVII/2	PS80/188-2	79.60383	5.1705	-2741	2012-07-25T01:16:00	7	0.005	61.7320559	2.004931863	19.50837021	21.51330207	9.319498497	1.934927207	21.74264148	0.984353367	0.908174399	0.1361575	0.181247979	4.618924452
N2_2012	N2	2012	90	single	Erika	12	ARK-XXVII/2	PS80/191-2	79.41	4.696	-2503	2012-07-25T22:33:00	7	0.005	66.87931926	3.878713886	13.16819978	17.04691367	22.75317375	2.002963334	9.348180638	0.411700441	0.832764108	0.272315	0.150222527	8.269197603
N1_2012	N1	2012	91	comb	Erika	11	ARK-XXVII/2	PS80/194-2	79.28367	4.32567	-2363	2012-07-26T19:45:00	7	0.005	47.66107284	1.754377574	16.58418024	18.33855781	9.566606011	1.825534414	5.422526495	0.378689224	0.425965302	0.2863125	0.135164442	8.168969551
S3_2012	S3	2012	92	comb	Erika	23	ARK-XXVII/2	PS80/176-7	78.60983	5.066	-2339	2012-07-20T10:26:00	7	0.005	56.32354633	1.585974696	12.95788749	14.54386219	10.90476983	4.234365256	11.33224013	0.556216216	0.69396227	0.363935	0.133893724	10.32596083
HGII_2013	HGII	2013	93	comb	Wiebke	2	MSM29	MSM29_424-3	79.132	4.912	-1506	2013-06-26T01:11:00	6	0.005	66.50780148	3.849581287	27.62803273	31.47761402	12.22958413	3.472788712	11.58632177	1.319398293	1.108004804	0.47846	0.151235434	14.58677735
HGIV_2013	HGIV	2013	94	comb	Wiebke	4	MSM29	MSM29_453-1	79.08	4.079	-2464	2013-07-09T07:16:00	7	0.005	56.43233334	2.312122693	18.75441798	21.06654067	10.97533159	2.129956859	7.052234312	1.29414783	0.649164142	0.32576	0.219369025	12.36827991
N4_2013	N4	2013	95	comb	Wiebke	14	MSM29	MSM29_432-2	79.718	4.564	-2745	2013-06-28T04:35:00	6	0.005	61.29190454	2.773021199	25.94965678	28.72267798	9.654466068	1.610755435	6.790080002	1.27129432	0.714007887	0.3932025	0.147891157	11.83042348
N3_2013	N3	2013	96	single	Wiebke	13	MSM29	MSM29_431-3	79.595	5.21	-2720	2013-06-27T22:45:00	6	0.005	62.30782659	1.826978742	19.9679574	21.79493614	8.382583598	1.635802485	9.42001098	1.199014767	0.775538002	0.379205	0.141934994	11.13589094
S3_2013	S3	2013	97	single	Wiebke	23	MSM29	MSM29_439-3	78.62	5.017	-2319	2013-07-01T08:09:00	7	0.005	59.96795969	2.465397836	21.41031201	23.87570985	10.32596665	2.222352569	9.799162886	1.319398293	0.865501787	0.3372125	0.206746455	12.36318154
HGII_2014	HGII	2014	98	single	Erika	2	PS85	PS85/469-2	79.132	4.906	-1492	2014-06-24T19:18:00	6	0.005	66.37152932	2.70428747	25.06682327	27.77111074	9.737772088	5.745761357	23.70141527	1.059327132	1.288125912	0.20869	0.146799731	6.251549313
HGIII_2014	HGIII	2014	99	single	Erika	3	PS85	PS85/468-1	79.106	4.585	-1905	2014-06-24T15:43:00	6	0.005	61.90438285	2.920710258	21.87434395	24.7950542	11.77940663	3.402988928	9.647733491	1.228350152	1.03340556	0.52936	0.107003324	13.1587195
HGIV_2014	HGIV	2014	100	single	Erika	4	PS85	PS85/460-4	79.065	4.183	-2403	2014-06-22T18:47:00	6	0.005	53.12492156	1.701990033	16.50466439	18.20665442	9.348175635	2.61895997	4.858460689	0.457880733	0.754015679	0.1183425	0.135560421	3.382340099
HGV_2014	HGV	2014	101	single	Erika	5	PS85	PS85/463-1	79.052	3.673	-3034	2014-06-23T13:58:00	6	0.005	57.40670587	2.266648061	21.26395845	23.53060652	9.632765136	1.361169997	9.199293355	0.657534728	1.058087191	0.2786775	0.121807559	7.47769635
HGVI_2014	HGVI	2014	102	single	Erika	6	PS85	PS85/464-1	79.059	3.573	-3531	2014-06-23T16:31:00	6	0.005	35.16755043	1.383943184	11.95404693	13.33799012	10.37594999	0.489828147	3.552240276	0.641073421	0.601308068	0.1336125	0.161596961	4.235852129
N4_2014	N4	2014	103	single	Erika	14	PS85	PS85/473-7	79.758	4.377	-2566	2014-06-25T16:59:00	6	0.005	48.40083844	2.343911516	17.93274115	20.27665267	11.55965708	1.060634956	16.93535521	0.197730932	0.945281826	0.6578825	0.153781269	20.25533744
EGI_2014	EGI	2014	104	single	Erika	31	PS85	PS85/436-1	78.973	-5.29	-1056	2014-06-17T14:30:00	6	0.005	58.34747637	1.083576144	7.275938148	8.359514291	12.96219022	2.117290014	3.82947328	0.099481685	0.605510084	0.09162	0.110977667	2.327005467
EGII_2014	EGII	2014	105	single	Erika	32	PS85	PS85/441-1	78.933	-4.65	-1500	2014-06-18T03:18:00	6	0.005	59.31284896	0.95997795	7.347398844	8.307376793	11.555729	1.567400748	5.456895424	0.117224463	0.472010042	0.3219425	0.135347512	9.192890637
EGIII_2014	EGIII	2014	106	single	Erika	33	PS85	PS85/445-1	78.803	-3.875	-1944	2014-06-19T02:02:00	6	0.005	61.92235167	0.783322961	6.452117268	7.235440229	10.82619628	1.945923113	4.685629068	0.128255869	0.428448736	0.18324	0.121297759	4.904689736
EGIV_2014	EGIV	2014	107	single	Erika	34	PS85	PS85/454-3	78.506	-2.818	-2558	2014-06-20T17:59:00	6	0.005	44.290355	1.896970398	11.68756949	13.58453989	13.96418586	2.466677614	9.14591837	0.290852262	0.625149579	0.180695	0.133463717	5.117154752
HGI_2015	HGI	2015	108	comb	Erika	1	PS93	PS93/080-9	79.13883	6.0835	-1288	2015-08-10T07:45:00	8	0.005	75.02	3.550547712	40.42699194	43.97753965	8.073547862	3.97	10.4741926	1.0620271	1.30138252	0.041028	0.118	1.082
HGII_2015	HGII	2015	109	single	Erika	2	PS93	PS93/078-2	79.13033	4.90233	-1550	2015-08-09T03:35:00	8	0.005	68.99	4.724964863	50.66847928	55.39344415	8.529826833	4.28	8.5950404	0.92144202	1.05072394	0.03682	0.172	1.212
HGIII_2015	HGIII	2015	110	single	Erika	3	PS93	PS93/077-2	79.10817	4.60017	-1916	2015-08-08T23:42:00	8	0.005	63.59	2.762235681	29.2880892	32.05032488	8.618432703	2.19	10.7235997	0.56606529	0.89255034	0.0605952	0.117737	1.593661
HGIV_2015	HGIV	2015	111	single	Erika	4	PS93	PS93/050-19	79.06517	4.17983	-2465	2015-07-27T20:29:00	7	0.005	59.88	2.086265989	23.19804463	25.28431062	8.251227492	4.84	31.9815801	0.50465087	0.6500019	0.0582808	0.244	2.354562
HGV_2015	HGV	2015	112	single	Erika	5	PS93	PS93/051-4	79.0635	3.65767	-3127	2015-07-28T03:47:00	7	0.005	60.18	2.457846112	24.81892766	27.27677377	9.010765469	1.51	64.0966081	0.38291229	0.86954466	0.0517584	0.151	1.575054
HGVI_2015	HGVI	2015	113	single	Erika	6	PS93	PS93/053-3	79.06017	3.583	-3430	2015-07-28T22:01:00	7	0.005	60.15	2.08937102	23.23554305	25.32491407	8.25025907	2.52	26.7916321	0.38009099	0.689837877	0.0374512	0.095	0.866
HGVIII_2015	HGVIII	2015	114	comb	Erika	8	PS93	PS93/055-2	79.06433	3.335	-5108	2015-07-29T11:31:00	7	0.005	36.29	1.772843657	17.0898702	18.86271385	9.398666974	0.27	5.3017797	0.55927989	0.568631029	0.0498648	0.094	1.15
HGIX_2015	HGIX	2015	115	single	Erika	9	PS93	PS93/056-1	79.13367	2.843	-5570	2015-07-29T16:41:00	7	0.005	69.19	2.179682845	30.58969573	32.76937858	6.651584313	1.12	8.32753767	0.493675	1.252442158	0.0393448	0.154	1.213
N5_2015	N5	2015	116	single	Erika	15	PS93	PS93/060-10	79.93817	3.19317	-2548	2015-08-03T02:50:00	8	0.005	68.52	2.00387331	22.6439222	24.6477956	8.130030541	2.24	11.4596057	0.65629635	0.90920509	0.0959424	0.178	3.219
S3_2015	S3	2015	117	single	Erika	23	PS93	PS93/048-11	78.59967	5.06783	-2342	2015-07-25T04:12:00	7	0.005	65.75	2.58784232	19.9257909	22.5136333	11.49455659	3.43	5.41884787	0.51632586	0.74314107	0.0597536	0.173	1.974
EGIV_2015	EGIV	2015	118	comb	Erika	34	PS93	PS93/058-12	78.86217	-2.71017	-2592	2015-07-31T02:50:00	7	0.005	63.44	1.44167219	16.8594212	18.3010934	7.877519438	4.22	6.42466098	0.36947604	0.66045558	0.034716	0.112	0.887
HGII_2016	HGII	2016	119	comb	Erika	2	PS99	PS99/0057-2	79.131	4.90283	-1541	2016-07-06T05:52:00	7	0.005	64.29894106	4.86880373	25.93412177	30.80292551	15.80630297	3.142507984	NA	0.587182978	NA	NA	NA	NA
HGIII_2016	HGIII	2016	120	single	Erika	3	PS99	PS99/0069-5	79.10717	4.59617	-1906	2016-07-10T23:18:00	7	0.005	60.10923329	4.022871533	20.36970637	24.3925779	16.49219508	2.181242257	NA	0.387576798	NA	NA	NA	NA
HGIV_2016	HGIV	2016	121	single	Erika	4	PS99	PS99/0042-13	79.06483	4.18217	-2462	2016-06-27T05:54:00	6	0.005	57.51064789	2.358256706	20.11353814	22.47179484	10.49429617	2.935891361	NA	0.355918155	NA	NA	NA	NA
HGV_2016	HGV	2016	122	comb	Erika	5	PS99	PS99/0044-2	79.07533	3.71167	-2877	2016-06-28T07:41:00	6	0.005	54.09881269	3.72091826	25.30374037	29.02465863	12.81985193	0.84531868	NA	0.293415187	NA	NA	NA	NA
HGVI_2016	HGVI	2016	123	single	Erika	6	PS99	PS99/0045-2	79.06367	3.60667	-3324	2016-06-28T15:21:00	6	0.005	66.28714244	2.932797862	21.87775025	24.81054811	11.82077014	2.464324132	NA	0.321957473	NA	NA	NA	NA
HGVII_2016	HGVII	2016	124	single	Erika	7	PS99	PS99/0046-2	79.06217	3.48783	-3949	2016-06-29T00:17:00	6	0.005	52.23837111	2.291908484	15.95754129	18.24944977	12.55878129	0.616106727	NA	0.2837592	NA	NA	NA	NA
N5_2016	N5	2016	125	single	Erika	15	PS99	PS99/0053-7	79.96317	2.93317	-2614	2016-07-04T03:13:00	7	0.005	69.03058013	3.472093497	21.86036864	25.33246214	13.70610357	3.101453374	NA	0.252440655	NA	NA	NA	NA
N4_2016	N4	2016	126	single	Erika	14	PS99	PS99/0052-3	79.73767	4.43267	-2620	2016-07-03T10:45:00	7	0.005	47.99867789	2.80617277	15.74655215	18.55272492	15.12539415	0.895588336	NA	0.303805155	NA	NA	NA	NA
N3_2016	N3	2016	127	single	Erika	13	PS99	PS99/0054-2	79.58767	5.17433	-2779	2016-07-04T21:44:00	7	0.005	63.77251608	3.407940068	18.85394639	22.26188646	15.30840647	3.342601881	NA	0.255855155	NA	NA	NA	NA
S3_2016	S3	2016	128	single	Erika	23	PS99	PS99/0041-9	78.6085	5.06883	-2338	2016-06-25T16:52:00	6	0.005	61.07350112	2.092616717	17.08325741	19.17587413	10.91275789	2.626941199	NA	0.250846632	NA	NA	NA	NA
EGI_2016	EGI	2016	129	single	Wiebke	31	PS99	PS99/0051-9	78.99117	-5.45083	-982	2016-07-02T10:01:00	7	0.005	66.01565596	1.302953888	8.584505365	9.887459253	13.17784331	1.995839238	NA	0.194176967	NA	NA	NA	NA
EGII_2016	EGII	2016	130	single	Wiebke	32	PS99	PS99/0050-2	78.93383	-4.64317	-1551	2016-07-01T21:07:00	7	0.005	53.59317945	0.986236236	5.942116598	6.928352834	14.23478653	1.136450551	NA	0.14831519	NA	NA	NA	NA
EGIII_2016	EGIII	2016	131	comb	Wiebke	33	PS99	PS99/0049-2	78.85517	-3.9555	-1983	2016-07-01T14:54:00	7	0.005	49.81613938	1.132008489	8.324205714	9.456214203	11.97105379	1.312175564	NA	0.171347701	NA	NA	NA	NA
EGIV_2016	EGIV	2016	132	comb	Wiebke	34	PS99	PS99/0048-12	78.81617	-2.73483	-2604	2016-06-30T21:00:00	6	0.005	54.04471504	3.057757	16.77935726	19.83711426	15.41432367	2.399678017	NA	0.339846927	NA	NA	NA	NA